script internal name (ver:2508014): multilognorlanglmfit
data-filename:NF
this-filename:fits/NF.fit.00
[[Definition parameters]]
ndist: 1
weight: sep
[[status]]
Fit succeeded.
[[Fit Statistics]]
    # fitting method   = leastsq
    # function evals   = 480
    # data points      = 211
    # variables        = 5
    chi-square         = 486897.381
    reduced chi-square = 2363.57952
    Akaike info crit   = 1643.97356
    Bayesian info crit = 1660.73285
[[Variables]]
    N0:    9.7127e+16 +/- 4.7612e+15 (4.90%) (init = 1.472924e+18)
    mu0:   10.3545232 +/- 0.13209915 (1.28%) (init = 7.65)
    sig0:  1.43936929 +/- 0.06115706 (4.25%) (init = 1.596)
    C:     8.7413e-05 +/- 3.4041e-06 (3.89%) (init = -0.001599214)
    T:     300 (fixed)
    dc:    0.00486620 +/- 0.01015426 (208.67%) (init = -0.0183935)
[[Correlations]] (unreported correlations are < 0.100)
    C(mu0, sig0) = -0.9828
    C(N0, mu0)   = -0.9412
    C(N0, sig0)  = +0.8627
    C(N0, C)     = -0.6791
    C(mu0, C)    = +0.5906
    C(sig0, C)   = -0.5166
[[Derived Parameters]]
    mean-mu      = 88470+/-14044 mb
    stddev       = 233046+/-53688 mb
    <mu>_mu      = 702358+/-207392 mb
    sum squares  = 6.198492e+01
    m_s          = (7.969+/-1.324)e+01 (units)
[[data]]
-1.991130e+04 -8.152652e+01 1.097333e-03 -8.122340e+01 
-1.900000e+04 -8.128013e+01 1.046408e-03 -8.113407e+01 
-1.800000e+04 -8.102814e+01 1.000000e-03 -8.103491e+01 
-1.700000e+04 -8.086595e+01 1.000000e-03 -8.093438e+01 
-1.600000e+04 -8.067629e+01 1.000000e-03 -8.083221e+01 
-1.500000e+04 -8.057732e+01 1.000000e-03 -8.072807e+01 
-1.400000e+04 -8.049667e+01 1.000000e-03 -8.062156e+01 
-1.300000e+04 -8.042488e+01 1.000000e-03 -8.051211e+01 
-1.200000e+04 -8.035811e+01 1.000000e-03 -8.039901e+01 
-1.100000e+04 -8.028958e+01 1.000000e-03 -8.028125e+01 
-1.000000e+04 -8.021188e+01 1.666688e-03 -8.015746e+01 
-9.800015e+03 -8.018706e+01 4.999875e-03 -8.013182e+01 
-9.599990e+03 -8.016638e+01 4.999813e-03 -8.010583e+01 
-9.400000e+03 -8.014541e+01 5.000250e-03 -8.007949e+01 
-9.200010e+03 -8.011823e+01 4.999875e-03 -8.005276e+01 
-8.999990e+03 -8.009903e+01 4.999750e-03 -8.002563e+01 
-8.799990e+03 -8.007657e+01 5.000063e-03 -7.999806e+01 
-8.599995e+03 -8.005855e+01 5.000250e-03 -7.997002e+01 
-8.400010e+03 -8.003226e+01 5.000125e-03 -7.994149e+01 
-8.200005e+03 -8.001158e+01 5.000063e-03 -7.991242e+01 
-8.000015e+03 -7.998765e+01 5.000000e-03 -7.988278e+01 
-7.800005e+03 -7.997258e+01 4.999875e-03 -7.985251e+01 
-7.600005e+03 -7.995515e+01 5.000000e-03 -7.982158e+01 
-7.400005e+03 -7.993418e+01 5.000063e-03 -7.978993e+01 
-7.200010e+03 -7.991734e+01 4.999813e-03 -7.975750e+01 
-6.999990e+03 -7.989843e+01 5.000000e-03 -7.972421e+01 
-6.800010e+03 -7.988632e+01 5.000188e-03 -7.969002e+01 
-6.600005e+03 -7.987539e+01 4.999938e-03 -7.965482e+01 
-6.400005e+03 -7.985855e+01 4.999875e-03 -7.961852e+01 
-6.199995e+03 -7.984260e+01 4.999875e-03 -7.958102e+01 
-5.999995e+03 -7.982694e+01 5.000125e-03 -7.954220e+01 
-5.800005e+03 -7.982428e+01 6.667000e-03 -7.950193e+01 
-5.700010e+03 -7.981542e+01 9.999500e-03 -7.948121e+01 
-5.599995e+03 -7.980449e+01 1.000000e-02 -7.946006e+01 
-5.500010e+03 -7.980065e+01 1.000025e-02 -7.943846e+01 
-5.400000e+03 -7.979828e+01 9.999250e-03 -7.941640e+01 
-5.299995e+03 -7.979326e+01 1.000000e-02 -7.939383e+01 
-5.200000e+03 -7.978470e+01 1.000025e-02 -7.937075e+01 
-5.100000e+03 -7.977524e+01 9.999500e-03 -7.934711e+01 
-4.999990e+03 -7.977081e+01 1.000000e-02 -7.932288e+01 
-4.900000e+03 -7.972443e+01 1.000100e-02 -7.929804e+01 
-4.800010e+03 -7.969666e+01 1.000000e-02 -7.927253e+01 
-4.700000e+03 -7.966032e+01 9.999750e-03 -7.924632e+01 
-4.600005e+03 -7.962428e+01 1.000000e-02 -7.921937e+01 
-4.500000e+03 -7.959149e+01 9.999500e-03 -7.919161e+01 
-4.399995e+03 -7.956608e+01 1.000000e-02 -7.916301e+01 
-4.300000e+03 -7.952413e+01 1.000000e-02 -7.913351e+01 
-4.199995e+03 -7.948189e+01 9.999750e-03 -7.910303e+01 
-4.099995e+03 -7.944230e+01 1.000100e-02 -7.907151e+01 
-4.000015e+03 -7.940537e+01 1.000175e-02 -7.903888e+01 
-3.900030e+03 -7.936696e+01 9.999000e-03 -7.900506e+01 
-3.799995e+03 -7.931438e+01 9.998500e-03 -7.896992e+01 
-3.700000e+03 -7.926977e+01 1.000050e-02 -7.893341e+01 
-3.600005e+03 -7.921925e+01 9.995502e-03 -7.889538e+01 
-3.499910e+03 -7.917552e+01 1.000025e-02 -7.885569e+01 
-3.400010e+03 -7.911556e+01 1.000475e-02 -7.881430e+01 
-3.300005e+03 -7.906947e+01 1.000000e-02 -7.877094e+01 
-3.200010e+03 -7.901009e+01 9.999750e-03 -7.872547e+01 
-3.100000e+03 -7.895544e+01 9.999500e-03 -7.867770e+01 
-3.000000e+03 -7.889133e+01 1.000000e-02 -7.862740e+01 
-2.900000e+03 -7.883313e+01 1.000000e-02 -7.857433e+01 
-2.800000e+03 -7.876371e+01 1.000000e-02 -7.851819e+01 
-2.700000e+03 -7.869428e+01 1.000025e-02 -7.845865e+01 
-2.600005e+03 -7.862249e+01 1.000025e-02 -7.839534e+01 
-2.500005e+03 -7.853978e+01 1.000000e-02 -7.832782e+01 
-2.400005e+03 -7.845853e+01 9.999750e-03 -7.825559e+01 
-2.300000e+03 -7.836932e+01 9.999750e-03 -7.817805e+01 
-2.200000e+03 -7.827301e+01 9.999750e-03 -7.809452e+01 
-2.099995e+03 -7.815513e+01 1.000000e-02 -7.800417e+01 
-2.000000e+03 -7.804405e+01 1.000025e-02 -7.790604e+01 
-1.900000e+03 -7.791141e+01 1.000000e-02 -7.779895e+01 
-1.800000e+03 -7.777433e+01 1.000000e-02 -7.768150e+01 
-1.700000e+03 -7.761539e+01 1.000050e-02 -7.755194e+01 
-1.600010e+03 -7.744582e+01 1.000025e-02 -7.740817e+01 
-1.500005e+03 -7.725113e+01 9.999500e-03 -7.724747e+01 
-1.400000e+03 -7.703813e+01 9.999500e-03 -7.706649e+01 
-1.299995e+03 -7.678466e+01 1.000025e-02 -7.686086e+01 
-1.200005e+03 -7.650430e+01 1.000025e-02 -7.662493e+01 
-1.100000e+03 -7.618908e+01 9.999750e-03 -7.635102e+01 
-1.000000e+03 -7.582748e+01 1.333302e-02 -7.602879e+01 
-9.499965e+02 -7.560769e+01 2.000060e-02 -7.584521e+01 
-9.000030e+02 -7.537460e+01 2.000030e-02 -7.564367e+01 
-8.499980e+02 -7.512762e+01 1.999920e-02 -7.542123e+01 
-7.999990e+02 -7.485908e+01 2.000160e-02 -7.517445e+01 
-7.500060e+02 -7.455686e+01 2.000030e-02 -7.489900e+01 
-7.000005e+02 -7.420058e+01 1.999830e-02 -7.458930e+01 
-6.499975e+02 -7.383277e+01 1.999970e-02 -7.423849e+01 
-5.999990e+02 -7.342154e+01 1.999860e-02 -7.383761e+01 
-5.499905e+02 -7.296984e+01 1.999970e-02 -7.337467e+01 
-4.999975e+02 -7.246849e+01 2.000180e-02 -7.283397e+01 
-4.499995e+02 -7.171988e+01 1.999980e-02 -7.219327e+01 
-3.999965e+02 -7.092314e+01 2.000180e-02 -7.142116e+01 
-3.500085e+02 -6.993282e+01 2.000060e-02 -7.047169e+01 
-2.999995e+02 -6.869209e+01 1.999760e-02 -6.927247e+01 
-2.499965e+02 -6.711491e+01 1.999970e-02 -6.770651e+01 
-1.999980e+02 -6.492052e+01 2.857204e-02 -6.556541e+01 
-1.799980e+02 -6.378059e+01 4.999750e-02 -6.446730e+01 
-1.599960e+02 -6.239702e+01 5.000500e-02 -6.317351e+01 
-1.400020e+02 -6.073224e+01 5.000813e-02 -6.162400e+01 
-1.200025e+02 -5.888664e+01 4.999825e-02 -5.972738e+01 
-1.000006e+02 -5.687298e+01 5.000031e-02 -5.734212e+01 
-8.000275e+01 -5.469536e+01 4.999525e-02 -5.423145e+01 
-5.999680e+01 -5.182177e+01 4.999525e-02 -4.995380e+01 
-3.999895e+01 -4.726799e+01 5.000769e-02 -4.357087e+01 
-2.000295e+01 -3.440160e+01 4.999811e-02 -3.244852e+01 
2.558406e-03 -4.146640e-01 5.000344e-02 1.555415e-02 
1.999430e+01 3.358542e+01 4.999782e-02 3.245148e+01 
4.000430e+01 4.697713e+01 4.999713e-02 4.358275e+01 
5.999660e+01 5.192517e+01 5.000938e-02 4.996348e+01 
7.999680e+01 5.496298e+01 4.999544e-02 5.424011e+01 
1.000002e+02 5.702527e+01 4.999475e-02 5.735180e+01 
1.200010e+02 5.891867e+01 4.999344e-02 5.973695e+01 
1.400055e+02 6.070159e+01 5.000250e-02 6.163403e+01 
1.599990e+02 6.235466e+01 5.000438e-02 6.318345e+01 
1.800020e+02 6.374362e+01 4.999375e-02 6.447727e+01 
2.000040e+02 6.488559e+01 2.856980e-02 6.557545e+01 
2.500060e+02 6.703714e+01 1.999940e-02 6.771659e+01 
3.000070e+02 6.860821e+01 2.000240e-02 6.928240e+01 
3.499940e+02 6.984182e+01 2.000100e-02 7.048111e+01 
4.000020e+02 7.082478e+01 1.999940e-02 7.143099e+01 
4.499970e+02 7.161499e+01 2.000140e-02 7.220296e+01 
4.999950e+02 7.227821e+01 2.000030e-02 7.284367e+01 
5.499955e+02 7.282951e+01 2.000010e-02 7.338445e+01 
5.999945e+02 7.331518e+01 1.999920e-02 7.384730e+01 
6.499995e+02 7.373853e+01 1.999890e-02 7.424824e+01 
7.000000e+02 7.411077e+01 2.000170e-02 7.459903e+01 
7.499910e+02 7.443603e+01 2.000060e-02 7.490864e+01 
7.999970e+02 7.473795e+01 1.999820e-02 7.518417e+01 
8.500000e+02 7.501270e+01 1.999980e-02 7.543097e+01 
8.999980e+02 7.526086e+01 2.000040e-02 7.565338e+01 
9.499980e+02 7.548981e+01 2.000000e-02 7.585494e+01 
9.999980e+02 7.569868e+01 1.333360e-02 7.603852e+01 
1.099995e+03 7.606884e+01 9.999900e-03 7.636074e+01 
1.200000e+03 7.638967e+01 9.999750e-03 7.663465e+01 
1.300000e+03 7.667712e+01 9.999750e-03 7.687060e+01 
1.400005e+03 7.693030e+01 1.000000e-02 7.707623e+01 
1.500000e+03 7.715955e+01 1.000025e-02 7.725720e+01 
1.600000e+03 7.737817e+01 1.000000e-02 7.741789e+01 
1.700000e+03 7.756103e+01 1.000100e-02 7.756168e+01 
1.799980e+03 7.771790e+01 9.999250e-03 7.769120e+01 
1.900015e+03 7.786237e+01 9.998750e-03 7.780870e+01 
2.000005e+03 7.799944e+01 1.000075e-02 7.791578e+01 
2.100000e+03 7.811702e+01 1.000000e-02 7.801391e+01 
2.200005e+03 7.823106e+01 1.000000e-02 7.810425e+01 
2.300000e+03 7.834125e+01 1.000050e-02 7.818778e+01 
2.399995e+03 7.843785e+01 1.000025e-02 7.826532e+01 
2.499995e+03 7.853180e+01 9.999750e-03 7.833755e+01 
2.600000e+03 7.862249e+01 9.999500e-03 7.840507e+01 
2.700005e+03 7.870492e+01 1.000025e-02 7.846839e+01 
2.799995e+03 7.877405e+01 1.000075e-02 7.852792e+01 
2.899990e+03 7.883845e+01 9.999750e-03 7.858406e+01 
3.000000e+03 7.890078e+01 1.000000e-02 7.863714e+01 
3.099990e+03 7.896164e+01 1.000000e-02 7.868743e+01 
3.200000e+03 7.902427e+01 9.999250e-03 7.873520e+01 
3.300005e+03 7.907863e+01 1.000100e-02 7.878067e+01 
3.399980e+03 7.913063e+01 9.996501e-03 7.882402e+01 
3.500075e+03 7.918114e+01 9.998500e-03 7.886549e+01 
3.600010e+03 7.922604e+01 1.000300e-02 7.890512e+01 
3.700015e+03 7.927302e+01 1.000025e-02 7.894315e+01 
3.800005e+03 7.932176e+01 1.000050e-02 7.897966e+01 
3.900005e+03 7.937908e+01 1.000100e-02 7.901478e+01 
3.999985e+03 7.942221e+01 1.000100e-02 7.904861e+01 
4.099985e+03 7.946150e+01 1.000000e-02 7.908124e+01 
4.199985e+03 7.950079e+01 9.998750e-03 7.911276e+01 
4.300010e+03 7.953447e+01 1.000100e-02 7.914324e+01 
4.399965e+03 7.956578e+01 1.000050e-02 7.917274e+01 
4.500000e+03 7.959562e+01 9.999500e-03 7.920135e+01 
4.599975e+03 7.962339e+01 1.000000e-02 7.922909e+01 
4.700000e+03 7.964732e+01 9.998750e-03 7.925605e+01 
4.800000e+03 7.967657e+01 9.999750e-03 7.928226e+01 
4.900005e+03 7.971172e+01 1.000000e-02 7.930777e+01 
5.000000e+03 7.973861e+01 9.998750e-03 7.933262e+01 
5.100030e+03 7.974629e+01 9.999000e-03 7.935685e+01 
5.200020e+03 7.975190e+01 1.000025e-02 7.938049e+01 
5.300025e+03 7.975722e+01 1.000250e-02 7.940357e+01 
5.399970e+03 7.975693e+01 1.000125e-02 7.942612e+01 
5.500000e+03 7.977081e+01 1.000000e-02 7.944819e+01 
5.599970e+03 7.977997e+01 9.999250e-03 7.946978e+01 
5.700015e+03 7.977849e+01 1.000000e-02 7.949094e+01 
5.799970e+03 7.978617e+01 6.666778e-03 7.951166e+01 
6.000010e+03 7.979179e+01 4.999625e-03 7.955194e+01 
6.200000e+03 7.981365e+01 4.999875e-03 7.959075e+01 
6.400020e+03 7.983314e+01 5.000313e-03 7.962825e+01 
6.599975e+03 7.985382e+01 5.000438e-03 7.966454e+01 
6.799985e+03 7.987509e+01 4.999563e-03 7.969975e+01 
7.000010e+03 7.988868e+01 5.000125e-03 7.973395e+01 
7.199975e+03 7.991498e+01 5.000000e-03 7.976722e+01 
7.400010e+03 7.993241e+01 4.999813e-03 7.979966e+01 
7.599990e+03 7.995545e+01 5.000188e-03 7.983131e+01 
7.799995e+03 7.998233e+01 4.999938e-03 7.986224e+01 
7.999995e+03 7.999533e+01 5.000000e-03 7.989251e+01 
8.199995e+03 8.001985e+01 4.999875e-03 7.992215e+01 
8.400005e+03 8.004260e+01 4.999813e-03 7.995122e+01 
8.600010e+03 8.006417e+01 4.999938e-03 7.997976e+01 
8.800010e+03 8.008898e+01 5.000063e-03 8.000779e+01 
9.000005e+03 8.011468e+01 5.000375e-03 8.003536e+01 
9.199980e+03 8.013330e+01 5.000750e-03 8.006249e+01 
9.399945e+03 8.016166e+01 4.999625e-03 8.008921e+01 
9.600010e+03 8.018263e+01 4.999125e-03 8.011556e+01 
9.800015e+03 8.019711e+01 5.005068e-03 8.014155e+01 
9.999605e+03 8.022369e+01 1.666618e-03 8.016714e+01 
1.100005e+04 8.028780e+01 9.998025e-04 8.029099e+01 
1.200000e+04 8.034836e+01 1.000025e-03 8.040874e+01 
1.300000e+04 8.042695e+01 1.000000e-03 8.052184e+01 
1.400000e+04 8.051705e+01 1.000025e-03 8.063129e+01 
1.499995e+04 8.060834e+01 1.000000e-03 8.073780e+01 
1.600000e+04 8.070642e+01 9.999750e-04 8.084194e+01 
1.700000e+04 8.090051e+01 1.000000e-03 8.094411e+01 
1.800000e+04 8.104675e+01 1.000000e-03 8.104464e+01 
1.900000e+04 8.126123e+01 1.039744e-03 8.114380e+01 
1.992355e+04 8.153764e+01 1.082778e-03 8.123433e+01 
